4215,403 POST https://translation.googleapis.com/language/translate/v2: User Rate Limit Exceeded
