1434,Exception
