1228,Exception
