5333,Exception
