1707,Exception
