4989,Exception
