638,Exception
